0110100110010110
1101001100101101
1010011001011010
0100110010110100
1001100101101001
0011001011010010
0110010110100101
1100101101001011
1001011010010110
0010110100101101
0101101001011010
1011010010110100
0110100101101001
1101001011010010
1010010110100101
0100101101001011
1001011001101001
0010110011010010
0101100110100101
1011001101001011
0110011010010110
1100110100101101
1001101001011010
0011010010110100
0110100101101001
1101001011010010
1010010110100101
0100101101001011
1001011010010110
0010110100101101
0101101001011010
1011010010110100
0110100110010110




0110100110010110

0123456789012345678
1244888888888888888
